499
1 338 15
2 211 118
3 495 6
4 238 137
5 120 32
6 171 39
7 324 2
8 274 196
9 121 69
10 469 9
11 381 130
12 352 49
13 29 38
14 371 103
15 171 54
16 197 33
17 264 104
18 200 64
19 237 22
20 489 32
21 94 3
22 168 20
23 339 171
24 209 122
25 308 85
26 290 106
27 198 49
28 415 75
29 240 34
30 60 15
31 500 35
32 490 93
33 129 91
34 64 3
35 39 2
36 361 33
37 288 14
38 141 12
39 35 2
40 480 43
41 388 17
42 468 9
43 476 11
44 486 49
45 198 9
46 203 9
47 121 148
48 424 9
49 446 13
50 108 5
51 93 5
52 18 79
53 427 2
54 67 62
55 397 25
56 216 47
57 381 10
58 266 92
59 29 35
60 30 15
61 359 113
62 217 16
63 399 135
64 34 3
65 314 122
66 216 26
67 54 62
68 191 15
69 119 158
70 451 92
71 49 277
72 186 12
73 355 145
74 79 103
75 359 7
76 408 93
77 221 33
78 487 16
79 153 19
80 200 62
81 433 20
82 3 19
83 180 14
84 168 95
85 461 27
86 376 118
87 51 168
88 440 42
89 388 157
90 243 75
91 114 152
92 48 148
93 51 5
94 21 3
95 1 202
96 55 65
97 200 111
98 405 136
99 80 156
100 59 70
101 319 131
102 229 41
103 314 5
104 478 224
105 303 10
106 296 37
107 292 46
108 50 5
109 306 6
110 374 125
111 382 112
112 417 116
113 218 137
114 306 29
115 199 130
116 426 262
117 334 2
118 344 14
119 35 23
120 5 32
121 123 51
122 248 1
123 264 5
124 479 171
125 48 14
126 282 48
127 229 224
128 198 16
129 218 57
130 150 11
131 188 69
132 241 23
133 320 39
134 393 83
135 318 99
136 401 11
137 286 307
138 416 8
139 483 26
140 210 1
141 38 12
142 269 70
143 463 79
144 96 143
145 34 88
146 303 19
147 177 68
148 497 1
149 456 43
150 130 11
151 169 156
152 469 36
153 79 19
154 292 82
155 358 41
156 64 60
157 480 45
158 474 118
159 287 84
160 482 138
161 408 146
162 498 49
163 430 114
164 306 2
165 286 134
166 258 69
167 119 79
168 22 20
169 462 70
170 377 56
171 412 32
172 344 29
173 204 15
174 239 134
175 296 59
176 496 79
177 147 68
178 426 78
179 375 34
180 83 14
181 419 41
182 406 1
183 488 31
184 470 63
185 190 15
186 72 12
187 261 283
188 458 29
189 478 54
190 185 15
191 68 15
192 284 377
193 213 4
194 421 86
195 333 17
196 479 84
197 16 33
198 45 9
199 115 130
200 80 62
201 440 66
202 432 203
203 46 9
204 173 15
205 359 2
206 290 100
207 487 33
208 445 1
209 407 16
210 140 1
211 2 118
212 118 40
213 193 4
214 297 32
215 330 121
216 364 7
217 62 16
218 277 7
219 387 53
220 481 7
221 77 33
222 358 110
223 293 127
224 367 63
225 218 105
226 250 24
227 120 32
228 358 38
229 102 41
230 185 20
231 236 29
232 281 30
233 362 180
234 270 18
235 286 160
236 231 29
237 19 22
238 4 137
239 265 111
240 29 34
241 132 23
242 293 4
243 90 75
244 112 176
245 347 7
246 80 122
247 384 72
248 122 1
249 474 145
250 226 24
251 460 12
252 157 304
253 168 81
254 42 143
255 319 29
256 489 110
257 269 26
258 377 60
259 172 38
260 472 8
261 301 7
262 268 107
263 275 133
264 123 5
265 185 72
266 487 19
267 287 10
268 262 107
269 279 17
270 234 18
271 51 56
272 3 197
273 424 89
274 260 38
275 257 47
276 222 213
277 218 7
278 138 66
279 269 17
280 114 138
281 232 30
282 126 48
283 332 37
284 399 99
285 167 118
286 306 6
287 267 10
288 37 14
289 294 32
290 93 76
291 166 78
292 472 45
293 242 4
294 79 25
295 408 156
296 106 37
297 454 19
298 148 32
299 444 121
300 382 102
301 261 7
302 407 66
303 105 10
304 64 219
305 20 77
306 164 2
307 423 35
308 340 25
309 184 330
310 395 93
311 360 8
312 60 16
313 494 15
314 103 5
315 307 54
316 85 55
317 478 105
318 128 16
319 255 29
320 133 39
321 56 217
322 349 59
323 330 16
324 7 2
325 310 135
326 384 18
327 473 96
328 339 16
329 182 162
330 323 16
331 204 196
332 213 23
333 484 10
334 117 2
335 412 235
336 490 134
337 464 9
338 1 15
339 328 16
340 308 25
341 279 162
342 435 14
343 79 58
344 118 14
345 296 188
346 423 117
347 245 7
348 499 77
349 417 29
350 383 7
351 110 144
352 12 49
353 166 88
354 450 48
355 73 145
356 241 92
357 344 156
358 60 20
359 205 2
360 311 8
361 36 33
362 49 168
363 265 181
364 216 7
365 34 351
366 50 91
367 224 63
368 418 34
369 306 37
370 356 249
371 496 26
372 152 45
373 289 62
374 139 45
375 179 34
376 328 62
377 170 56
378 150 79
379 30 62
380 397 26
381 57 10
382 300 102
383 350 7
384 326 18
385 82 319
386 350 74
387 219 53
388 41 17
389 483 38
390 432 285
391 431 52
392 283 71
393 134 83
394 234 23
395 310 93
396 429 17
397 412 19
398 339 265
399 96 87
400 26 179
401 136 11
402 128 27
403 46 145
404 360 50
405 464 14
406 182 1
407 209 16
408 76 93
409 260 103
410 177 556
411 380 29
412 397 19
413 487 67
414 431 47
415 28 75
416 138 8
417 349 29
418 368 34
419 181 41
420 334 8
421 231 38
422 190 183
423 307 35
424 48 9
425 326 144
426 178 78
427 53 2
428 122 153
429 396 17
430 420 47
431 414 47
432 157 88
433 81 20
434 237 210
435 342 14
436 161 187
437 30 116
438 67 97
439 150 58
440 88 42
441 204 72
442 129 137
443 229 182
444 299 121
445 208 1
446 49 13
447 171 93
448 466 22
449 379 67
450 354 48
451 429 27
452 93 59
453 402 42
454 297 19
455 208 58
456 149 43
457 79 35
458 188 29
459 20 226
460 251 12
461 85 27
462 412 32
463 143 79
464 337 9
465 236 33
466 448 22
467 495 121
468 42 9
469 10 9
470 81 61
471 43 177
472 260 8
473 327 96
474 190 111
475 480 85
476 43 11
477 351 177
478 189 54
479 196 84
480 40 43
481 220 7
482 30 15
483 139 26
484 333 10
485 486 137
486 44 49
487 78 16
488 183 31
489 20 32
490 32 93
491 483 121
492 90 130
493 461 40
494 313 15
495 3 6
496 371 26
497 148 1
498 162 49
499 348 77
