999
1 817 74
2 722 11
3 906 3
4 20 22
5 842 3
6 566 188
7 705 4
8 558 20
9 526 35
10 325 31
11 464 3
12 530 17
13 486 61
14 642 34
15 97 29
16 700 22
17 743 27
18 187 18
19 910 29
20 4 22
21 668 16
22 436 42
23 871 25
24 365 48
25 620 27
26 270 53
27 136 45
28 238 20
29 810 15
30 246 100
31 675 31
32 450 7
33 347 39
34 573 106
35 550 9
36 168 25
37 989 33
38 623 4
39 92 93
40 486 25
41 522 26
42 218 15
43 124 5
44 281 44
45 860 34
46 826 8
47 487 62
48 272 21
49 389 46
50 222 13
51 898 3
52 244 2
53 384 23
54 214 24
55 200 59
56 315 77
57 400 36
58 610 3
59 769 30
60 946 30
61 414 5
62 252 29
63 12 141
64 67 10
65 435 8
66 467 22
67 633 6
68 645 22
69 203 27
70 516 36
71 375 15
72 475 16
73 775 32
74 655 66
75 519 43
76 587 11
77 843 2
78 789 1
79 40 64
80 848 7
81 354 35
82 578 3
83 720 13
84 257 18
85 531 40
86 575 23
87 314 8
88 811 15
89 179 30
90 702 21
91 618 5
92 644 34
93 417 30
94 627 49
95 116 86
96 336 76
97 333 4
98 775 1
99 605 15
100 756 100
101 365 1
102 429 4
103 558 57
104 712 2
105 659 38
106 715 20
107 703 28
108 279 16
109 40 48
110 997 12
111 809 99
112 257 13
113 128 14
114 441 16
115 755 21
116 889 11
117 644 42
118 303 6
119 483 10
120 719 9
121 416 6
122 489 38
123 154 53
124 43 5
125 104 3
126 499 1
127 442 2
128 113 14
129 618 37
130 557 84
131 622 18
132 844 73
133 809 131
134 339 36
135 572 58
136 120 34
137 666 44
138 824 7
139 590 3
140 35 24
141 991 2
142 662 14
143 290 81
144 730 36
145 825 77
146 870 120
147 826 20
148 644 11
149 595 44
150 81 60
151 556 81
152 998 41
153 220 12
154 631 42
155 590 40
156 189 5
157 466 37
158 789 75
159 495 101
160 14 57
161 124 42
162 896 18
163 518 31
164 659 35
165 131 62
166 636 36
167 232 17
168 677 4
169 486 15
170 324 5
171 569 30
172 219 12
173 506 30
174 376 7
175 607 51
176 240 9
177 371 39
178 71 27
179 304 23
180 996 11
181 750 50
182 868 14
183 900 1
184 747 63
185 18 23
186 263 55
187 18 18
188 55 78
189 156 5
190 812 36
191 811 21
192 884 19
193 537 37
194 923 18
195 557 12
196 12 18
197 373 14
198 210 31
199 979 10
200 486 13
201 643 18
202 545 29
203 69 27
204 58 24
205 467 29
206 718 190
207 844 16
208 182 38
209 542 31
210 875 6
211 369 45
212 224 42
213 483 10
214 999 7
215 991 20
216 813 118
217 789 4
218 51 9
219 417 11
220 168 11
221 340 6
222 799 9
223 387 106
224 957 20
225 580 128
226 441 47
227 243 90
228 705 66
229 150 76
230 502 2
231 696 16
232 612 11
233 551 60
234 705 44
235 450 27
236 724 17
237 707 35
238 454 3
239 387 1
240 176 9
241 695 9
242 498 1
243 345 6
244 52 2
245 477 1
246 656 51
247 919 72
248 911 123
249 553 5
250 270 32
251 983 93
252 62 29
253 861 2
254 453 23
255 630 7
256 260 106
257 112 13
258 728 56
259 175 71
260 588 26
261 689 56
262 31 60
263 967 53
264 333 36
265 312 30
266 98 82
267 646 6
268 687 39
269 851 2
270 250 32
271 156 41
272 48 21
273 840 35
274 832 9
275 283 72
276 612 47
277 492 122
278 999 23
279 108 16
280 747 23
281 255 12
282 686 38
283 275 72
284 881 26
285 526 20
286 931 98
287 728 15
288 307 100
289 802 15
290 660 29
291 918 26
292 628 18
293 269 40
294 493 38
295 760 6
296 902 4
297 702 44
298 896 72
299 294 59
300 464 13
301 111 135
302 205 44
303 558 1
304 642 12
305 800 38
306 29 17
307 344 7
308 83 77
309 797 34
310 139 4
311 570 6
312 618 16
313 688 22
314 319 5
315 689 10
316 478 19
317 420 92
318 300 22
319 314 5
320 154 59
321 810 152
322 523 11
323 349 21
324 170 5
325 10 31
326 794 47
327 128 41
328 754 33
329 837 7
330 718 122
331 849 20
332 674 12
333 97 4
334 563 39
335 290 45
336 389 19
337 118 19
338 675 2
339 134 36
340 221 6
341 575 33
342 174 14
343 993 125
344 307 7
345 243 6
346 992 9
347 687 6
348 915 4
349 102 19
350 921 43
351 440 26
352 18 137
353 336 58
354 81 35
355 673 8
356 730 16
357 25 40
358 702 16
359 973 29
360 829 28
361 504 22
362 586 21
363 859 2
364 641 127
365 101 1
366 618 76
367 150 102
368 375 4
369 826 42
370 543 41
371 177 39
372 256 116
373 197 14
374 975 58
375 368 4
376 174 7
377 332 40
378 989 29
379 978 18
380 874 8
381 997 32
382 242 167
383 464 66
384 966 6
385 599 31
386 768 22
387 239 1
388 505 25
389 336 19
390 255 20
391 806 13
392 921 69
393 603 8
394 486 127
395 544 55
396 468 18
397 719 2
398 164 48
399 647 111
400 57 36
401 708 11
402 19 80
403 610 28
404 843 9
405 554 9
406 336 127
407 799 15
408 303 19
409 230 46
410 881 39
411 686 41
412 668 44
413 865 18
414 61 5
415 873 82
416 121 6
417 219 11
418 570 40
419 974 17
420 573 26
421 863 11
422 711 69
423 98 20
424 285 29
425 474 33
426 757 3
427 172 47
428 533 15
429 102 4
430 444 137
431 178 115
432 238 20
433 935 16
434 810 4
435 65 8
436 22 42
437 903 88
438 551 1
439 839 1
440 351 26
441 114 16
442 127 2
443 61 46
444 778 9
445 625 19
446 285 90
447 765 1
448 595 115
449 487 26
450 32 7
451 700 23
452 902 75
453 254 23
454 238 3
455 278 34
456 320 81
457 793 48
458 682 16
459 194 42
460 228 86
461 236 26
462 667 17
463 136 125
464 11 3
465 769 37
466 772 4
467 66 22
468 807 16
469 485 63
470 416 51
471 930 43
472 5 10
473 879 87
474 558 4
475 72 16
476 773 45
477 245 1
478 316 19
479 973 82
480 839 33
481 921 6
482 49 90
483 119 10
484 619 50
485 469 63
486 727 3
487 449 26
488 605 71
489 983 15
490 129 74
491 931 59
492 614 7
493 82 7
494 82 21
495 404 20
496 786 1
497 221 20
498 242 1
499 126 1
500 108 23
501 985 3
502 230 2
503 578 35
504 361 22
505 388 25
506 173 30
507 941 23
508 549 2
509 310 52
510 405 108
511 639 47
512 548 34
513 976 17
514 988 55
515 713 37
516 793 11
517 645 18
518 323 26
519 853 14
520 28 219
521 801 17
522 893 5
523 322 11
524 702 21
525 61 40
526 285 20
527 47 99
528 918 20
529 532 9
530 12 17
531 581 17
532 529 9
533 428 15
534 245 1
535 531 34
536 734 57
537 193 37
538 67 11
539 589 25
540 793 6
541 695 119
542 255 27
543 565 10
544 647 12
545 202 29
546 658 38
547 962 9
548 512 34
549 508 2
550 35 9
551 438 1
552 849 11
553 249 5
554 563 7
555 824 12
556 260 37
557 195 12
558 303 1
559 438 51
560 405 25
561 846 10
562 434 23
563 554 7
564 566 25
565 762 8
566 677 10
567 782 23
568 584 10
569 877 11
570 311 6
571 789 27
572 135 58
573 492 8
574 69 61
575 86 23
576 396 45
577 789 5
578 82 3
579 519 24
580 324 82
581 531 17
582 66 38
583 887 56
584 568 10
585 269 3
586 362 21
587 713 10
588 260 26
589 539 25
590 139 3
591 694 23
592 795 3
593 219 21
594 865 2
595 365 43
596 850 3
597 341 46
598 832 32
599 385 31
600 838 14
601 979 28
602 104 93
603 393 8
604 1000 67
605 551 6
606 774 15
607 175 51
608 425 49
609 907 42
610 58 3
611 481 24
612 232 11
613 169 22
614 492 7
615 924 16
616 20 61
617 867 62
618 91 5
619 484 50
620 25 27
621 2 27
622 131 18
623 38 4
624 265 46
625 445 19
626 765 143
627 94 49
628 879 3
629 375 5
630 255 7
631 154 42
632 670 8
633 67 6
634 730 23
635 986 111
636 628 30
637 111 132
638 603 63
639 267 42
640 955 99
641 781 51
642 304 12
643 201 18
644 148 11
645 517 18
646 267 6
647 718 2
648 884 70
649 2 92
650 677 14
651 311 20
652 432 34
653 753 78
654 714 4
655 685 45
656 246 51
657 191 59
658 546 38
659 912 9
660 290 29
661 743 32
662 142 14
663 329 58
664 738 12
665 231 38
666 137 44
667 462 17
668 21 16
669 205 113
670 632 8
671 232 46
672 17 81
673 355 8
674 332 12
675 338 2
676 842 49
677 168 4
678 943 20
679 17 61
680 472 20
681 565 50
682 458 16
683 205 64
684 723 13
685 655 45
686 282 38
687 347 6
688 313 22
689 315 10
690 768 19
691 792 29
692 937 53
693 938 77
694 591 23
695 241 9
696 231 16
697 199 17
698 584 83
699 803 6
700 16 22
701 138 10
702 358 16
703 107 28
704 966 62
705 7 4
706 934 69
707 862 2
708 401 11
709 957 35
710 644 70
711 84 24
712 104 2
713 587 10
714 654 4
715 106 20
716 291 44
717 455 57
718 647 2
719 397 2
720 83 13
721 924 20
722 2 11
723 853 2
724 236 17
725 873 12
726 433 32
727 486 3
728 287 15
729 976 20
730 356 16
731 841 2
732 695 37
733 577 14
734 941 8
735 723 9
736 569 23
737 441 160
738 664 12
739 947 78
740 794 73
741 849 100
742 92 119
743 220 26
744 882 36
745 740 148
746 82 42
747 280 23
748 744 80
749 436 89
750 897 1
751 250 78
752 461 58
753 38 13
754 328 33
755 115 21
756 911 44
757 426 3
758 934 74
759 955 11
760 295 6
761 360 76
762 940 3
763 878 86
764 3 77
765 447 1
766 965 39
767 825 59
768 850 17
769 59 30
770 474 17
771 715 23
772 466 4
773 210 22
774 606 15
775 98 1
776 683 97
777 291 63
778 444 9
779 381 69
780 834 34
781 647 14
782 845 12
783 66 43
784 673 75
785 862 24
786 496 1
787 770 158
788 155 54
789 78 1
790 825 80
791 33 117
792 691 29
793 540 6
794 314 8
795 592 3
796 459 55
797 890 6
798 486 12
799 222 9
800 305 38
801 521 17
802 289 15
803 699 6
804 703 61
805 495 62
806 391 13
807 468 16
808 27 90
809 483 52
810 434 4
811 88 15
812 730 27
813 941 73
814 255 26
815 916 26
816 883 102
817 559 60
818 574 63
819 900 60
820 506 84
821 841 2
822 902 52
823 417 68
824 138 7
825 772 25
826 46 8
827 727 47
828 690 72
829 360 28
830 104 21
831 138 38
832 274 9
833 965 150
834 780 34
835 85 61
836 462 25
837 329 7
838 600 14
839 439 1
840 273 35
841 731 2
842 5 3
843 77 2
844 207 16
845 782 12
846 561 10
847 941 24
848 80 7
849 552 11
850 596 3
851 269 2
852 943 17
853 723 2
854 2 22
855 554 19
856 764 113
857 8 95
858 440 49
859 363 2
860 45 34
861 253 2
862 707 2
863 421 11
864 183 30
865 594 2
866 516 49
867 617 62
868 182 14
869 492 94
870 777 84
871 23 25
872 64 23
873 725 12
874 380 8
875 210 6
876 894 44
877 569 11
878 881 47
879 628 3
880 938 43
881 921 3
882 814 34
883 711 74
884 192 19
885 199 92
886 965 37
887 355 32
888 213 49
889 116 11
890 797 6
891 845 94
892 837 36
893 522 5
894 32 42
895 49 68
896 162 18
897 750 1
898 51 3
899 904 75
900 183 1
901 588 97
902 296 4
903 59 73
904 241 17
905 998 54
906 3 3
907 609 42
908 569 14
909 337 71
910 19 29
911 756 44
912 659 9
913 735 64
914 825 38
915 348 4
916 815 26
917 623 34
918 528 20
919 565 50
920 921 4
921 881 3
922 40 48
923 194 18
924 615 16
925 766 59
926 560 37
927 393 12
928 416 77
929 217 30
930 471 43
931 380 11
932 694 41
933 674 65
934 549 21
935 433 16
936 837 19
937 960 39
938 880 43
939 191 44
940 762 3
941 734 8
942 515 79
943 416 15
944 426 12
945 837 71
946 644 15
947 918 52
948 756 63
949 232 54
950 568 53
951 182 16
952 32 15
953 797 15
954 572 78
955 759 11
956 429 89
957 532 19
958 86 83
959 458 22
960 992 25
961 628 53
962 547 9
963 87 105
964 875 11
965 886 37
966 384 6
967 815 39
968 772 11
969 413 27
970 730 26
971 435 51
972 261 63
973 359 29
974 419 17
975 374 58
976 513 17
977 769 30
978 379 18
979 199 10
980 818 67
981 644 15
982 184 145
983 489 15
984 945 76
985 501 3
986 202 51
987 695 47
988 514 55
989 378 29
990 623 41
991 141 2
992 346 9
993 433 29
994 518 112
995 645 23
996 180 11
997 110 12
998 625 29
999 214 7
